-0.37601066
-0.32998973
-0.20963602
-0.08033191
-0.17443076
-0.26049837
0.18567173
0.16895328
0.1477194
0.12327675
0.09656228
0.0682793
0.038944777
0.008608569
-0.022939969
-0.055763688
-0.08983623
-0.124847315
-0.15945244
-0.19129103
-0.21794978
-0.23758279
-0.24926624
-0.25389144
-0.25419533
-0.25290957
-0.25107095
-0.24780768
-0.2401735
-0.22357725
-0.19442649
-0.15287587
-0.10312279
-0.0525155
-0.010049734
0.016673882
0.024318323
0.014431045
-0.0074577257
-0.033746816
-0.057508543
-0.07436009
-0.082869865
-0.08433541
-0.08172456
-0.07791143
-0.07481051
-0.07354148
-0.07465631
-0.078372695
-0.084986515
-0.094916426
-0.10824511
-0.124065995
-0.1402071
-0.15366025
-0.16138597
-0.16095214
-0.15102112
-0.1317061
-0.104523815
-0.07182404
-0.03631753
-0.0014045911
0.028397268
0.04803483
0.0527506
0.038454838
0.0030786688
-0.05138008
-0.11871749
-0.19001663
-0.25482926
-0.30330914
-0.32954064
-0.3330786
-0.318068
-0.29169518
-0.26178548
-0.23399743
-0.21052541
-0.19056423
-0.1718344
-0.15267132
-0.1332297
-0.115242966
-0.10131971
-0.093980774
-0.09447369
-0.10235364
-0.11598666
-0.13307805
-0.15112332
-0.16796403
-0.18223168
-0.19363731
-0.20315933
-0.21257672
-0.22353294
-0.23698805
-0.25294515
-0.27001703
-0.2857354
-0.29771292
-0.3043204
-0.30468646
-0.2989976
-0.28878394
-0.2765352
-0.26505592
-0.2569494
-0.25400895
-0.25658232
-0.26331902
-0.27160457
-0.27861923
-0.28231192
-0.28182948
-0.2775663
-0.27083728
-0.26300585
-0.25475118
-0.24592294
-0.23576728
-0.22329128
-0.20779201
-0.18941292
-0.1697036
-0.15172368
-0.13947837
-0.13708569
-0.1476181
-0.17148274
-0.2055033
-0.2434025
-0.27695885
-0.29768157
-0.29891777
-0.2773606
-0.23347655
-0.17128967
-0.09755155
-0.020588476
0.050824896
0.108683445
0.14697616
0.16268145
0.1566104
0.1335164
0.101143196
0.06876187
0.0451921
0.036463242
0.044644933
0.06812658
0.10233539
0.1410128
0.17810655
0.20909636
0.23145431
0.2447071
0.25033718
0.2516057
0.25279352
0.25790676
0.27002043
0.2908931
0.31981605
0.35335773
0.3867557
0.41491568
0.43290812
0.43752924
0.4285598
0.40830183
0.38066325
0.35062006
0.32323936
0.30248672
0.2907517
0.28903082
0.29697642
0.31268033
0.33274022
0.35288167
0.3688649
0.37747738
0.37760052
0.37088472
0.36134472
0.35374755
0.35168594
0.3562012
0.36540005
0.37523872
0.38141558
0.3815559
0.37663138
0.3706996
0.36904317
0.37584236
0.39226454
0.4152095
0.43769646
0.45148182
0.4501626
0.43111378
0.3966262
0.35396683
0.3130932
0.28322947
0.2705137
0.27681234
0.29946378
0.33272204
0.3702075
0.40696633
0.44066438
0.47156036
0.5013376
0.53197455
0.5647756
0.59935755
0.6337452
0.6654791
0.69202757
0.71082103
0.7198228
0.7176783
0.7035489
0.67780995
0.642746
0.60230285
0.56162375
0.52598983
0.49874735
0.47999823
0.4669822
0.45497307
0.43863556
0.41412053
0.38052237
0.3398403
0.2962535
0.25521892
0.22240575
0.20247297
0.19785023
0.20819555
0.2306211
0.25985572
0.28879502
0.31015667
0.3180068
0.30839923
0.28003037
0.23480484
0.17756693
0.1150801
0.054512307
0.0019419871
-0.03874987
-0.066927135
-0.08533803
-0.098334834
-0.109940946
-0.12319304
-0.13950881
-0.15813729
-0.17731486
-0.1960431
-0.21465294
-0.23474531
-0.25922236
-0.291593
-0.3344119
-0.3876423
-0.44783276
-0.50857925
-0.56190926
-0.6001016
-0.61812395
-0.61555594
-0.59601855
-0.5647445
-0.5264954
-0.48401433
-0.43698868
-0.38314444
-0.32111576
-0.2523476
-0.18118766
-0.11408714
-0.057614334
-0.015805824
0.011086556
0.02584453
0.032496553
0.033901453
0.029806556
0.016892133
-0.009367559
-0.052160583
-0.11072677
-0.17893845
-0.24643874
-0.30178523
-0.33587
-0.34471852
-0.33104175
-0.30337736
-0.27295065
-0.2502013
-0.24229322
-0.25152913
-0.2752593
-0.30769882
-0.34241378
-0.37397468
-0.3987739
-0.41536915
-0.42420578
-0.42662036
-0.4240225
-0.4178758
-0.4095707
-0.39979753
-0.38848948
-0.3752529
-0.35938781
-0.33998483
-0.31631526
-0.28775316
-0.253461
-0.21250443
-0.16444343
-0.110268
-0.053167354
0.0015305661
0.047474716
0.079440996
0.0955597
0.09801393
0.09212012
0.08434993
0.079594664
0.07910556
0.08078008
0.081019714
0.076727845
0.06683112
0.052576773
0.036153257
0.018752716
-6.072651E-4
-0.024957128
-0.05793784
-0.10189129
-0.15681913
-0.22059877
-0.28987983
-0.3612928
-0.43244174
-0.5017687
-0.5673466
-0.6261082
-0.67428565
-0.70852196
-0.72716063
-0.7314603
-0.72576815
-0.7161352
-0.70809495
-0.70485455
-0.7066465
-0.7113445
-0.7158095
-0.7173931
-0.7149837
-0.70899475
-0.7003945
-0.6896995
-0.67657036
-0.6598747
-0.6380715
-0.60993254
-0.57521135
-0.5347771
-0.49048358
-0.44489655
-0.40056598
-0.3590977
-0.32061917
-0.28353792
-0.24493223
-0.20208354
-0.15431385
-0.10382577
-0.05551212
-0.015758408
0.0098533025
0.018782446
0.012139304
-0.0062285406
-0.031266756
-0.05846901
-0.0852303
-0.110909455
-0.13589801
-0.16082329
-0.18606053
-0.21131708
-0.23551579
-0.25699317
-0.27357188
-0.28280756
-0.28277403
-0.27299497
-0.25495154
-0.2320109
-0.20856161
-0.18856895
-0.17432241
-0.16606063
-0.16244125
-0.16147174
-0.16154018
-0.16214822
-0.16383512
-0.16752253
-0.17405708
-0.18396169
-0.19710474
-0.21261968
-0.22911593
-0.24469706
-0.25701243
-0.26362804
-0.2625043
-0.25251654
-0.23400085
-0.2087778
-0.17972326
-0.15030871
-0.12394758
-0.10310399
-0.08887931
-0.081103824
-0.078456454
-0.07871958
-0.07939993
-0.07843553
-0.074745595
-0.06841796
-0.060394518
-0.051834617
-0.043252613
-0.03361165
-0.020109331
9.06525E-4
0.0325384
0.07606879
0.1300457
0.1902381
0.25093815
0.30685568
0.35453838
0.39301077
0.42357773
0.44852537
0.46946397
0.4865263
0.49859396
0.50398177
0.5015501
0.49190584
0.47764575
0.46242613
0.44992995
0.44279927
0.44197616
0.44692254
0.45657593
0.46773857
0.47799346
0.48794314
0.4999533
0.50439763
0.5036676
0.5102484
0.5313017
0.5073953
0.4888522
0.5277039
0.60924506
0.40768164
0.41242236
0.68201697
0.9349727
1.0
0.40324873
0.2824795
0.23264985
0.2787914
0.18766932
-0.018091569
0.22533542
0.20658585
0.17573997
0.13849969
0.101061456
0.06800535
0.042058364
0.024380747
0.014850816
0.013400686
0.021382902
0.041141033
0.07448882
0.121901974
0.182348
0.2532784
0.33115363
0.41247118
0.49442744
0.57485914
0.6517409
0.7227963
0.7857042
0.8386044
0.8803214
0.91049796
0.9298826
0.94016695
0.94323397
0.94059867
0.933407
0.9223285
0.90715843
0.88680285
0.85993874
0.8255765
0.7833241
0.7338493
0.67924553
0.6225129
0.5665301
0.5133432
0.4638494
0.41767234
0.37349164
0.33011174
0.28757972
0.24761082
0.21361625
0.19028504
0.18207848
0.19154578
0.21840626
0.2589352
0.3063229
0.35276812
0.39143166
0.41722426
0.42763418
0.42295277
0.40475252
0.37448883
0.33363086
0.28392878
0.22722287
0.16571741
0.10236928
0.04054892
-0.016750934
-0.06762896
-0.111509316
-0.14873794
-0.18039651
-0.20842475
-0.23473164
-0.2598537
-0.28304404
-0.30291125
-0.3172299
-0.32336172
-0.3199612
-0.30794284
-0.28992128
-0.2693847
-0.25004578
-0.23485702
-0.22489758
-0.21907239
-0.21485703
-0.20918417
-0.1989219
-0.18153518
-0.15598011
-0.12307439
-0.085217156
-0.045823265
-0.008330325
0.025049066
0.054143235
0.080776975
0.107756846
0.13698672
0.16771342
0.19604202
0.21573678
0.21988821
0.20320973
0.16398986
0.10432702
0.028740443
-0.057572503
-0.1499208
-0.24465755
-0.33883965
-0.4288423
-0.50926566
-0.5739326
-0.6179924
-0.6392809
-0.6394355
-0.6244033
-0.6023756
-0.58069974
-0.5646838
-0.5574317
-0.5599182
-0.572442
-0.5960039
-0.6315259
-0.67815095
-0.73200095
-0.78554887
-0.8287391
-0.8521956
-0.8508309
-0.8263716
-0.7877929
-0.7488512
-0.72361135
-0.72203976
-0.74707335
-0.7939998
-0.8524731
-0.91029614
-0.95721275
-0.98736715
-1.0
-0.99854535
-0.9884526
-0.97460485
-0.95952576
-0.9429068
-0.9222029
-0.8940315
-0.8558935
-0.8074241
-0.75068396
-0.6894786
-0.6281262
-0.5704115
-0.5190569
-0.47558317
-0.44067362
-0.41483214
-0.39854875
-0.3917596
-0.39326048
-0.40043592
-0.40922806
-0.4144797
-0.41102624
-0.39516956
-0.36557403
-0.32344586
-0.2725665
-0.21886836
-0.16914672
-0.12963264
-0.1049508
-0.097175784
-0.10525366
-0.12533912
-0.15188713
-0.17911763
-0.2023698
-0.21874598
-0.22701463
-0.22713989
-0.21957673
-0.20476565
-0.18332854
-0.15672587
-0.12769079
-0.100116126
-0.078435086
-0.066713914
-0.06766617
-0.08193671
-0.108000465
-0.14256042
-0.18108213
-0.21842806
-0.24949615
-0.26979744
-0.27623135
-0.26782912
-0.2458684
-0.21361205
-0.1758897
-0.13793665
-0.10393272
-0.076440126
-0.05651369
-0.04373865
-0.03662995
-0.03343413
-0.032440472
-0.031750724
-0.029360779
-0.023594905
-0.013383591
0.0015782621
0.02066688
0.04254773
0.065824814
0.08961822
0.11383532
0.13910636
0.16630147
0.19602123
0.22842814
0.2630973
0.29886493
0.33409542
0.366927
0.3950943
0.41618544
0.4285941
0.43218735
0.42857185
0.4212327
0.41469067
0.41264418
0.41647437
0.4246456
0.43297803
0.43634236
0.43116954
0.41718537
0.39776674
0.37901464
0.36755472
0.36786526
0.38042152
0.40149704
0.42451835
0.44217178
0.44863862
0.44149435
0.42221287
0.3949766
0.3649652
0.3367702
0.3129367
0.2933726
0.27601835
0.25799128
0.23670156
0.210751
0.18027629
0.14678878
0.11279156
0.08103651
0.053732242
0.032161552
0.016453423
0.0053436533
-0.0034621381
-0.012382477
-0.023261461
-0.037007544
-0.053327475
-0.07088091
-0.088057406
-0.10382301
-0.11805046
-0.13138552
-0.1449845
-0.1600371
-0.17702429
-0.19523324
-0.21295518
-0.22794953
-0.23789816
-0.24106461
-0.23706251
-0.22713687
-0.21378958
-0.20007642
-0.18884197
-0.18189724
-0.1794537
-0.18034945
-0.18298338
-0.18626022
-0.1902879
-0.19672775
-0.20825143
-0.22718985
-0.2543711
-0.28844538
-0.32556832
-0.36015475
-0.38661993
-0.40071988
-0.40029404
-0.3860392
-0.36146504
-0.33162153
-0.30184615
-0.27688524
-0.25970864
-0.25064662
-0.24764012
-0.24712452
-0.2450795
-0.23834284
-0.22576788
-0.20858447
-0.18994778
-0.1739591
-0.16430213
-0.16293421
-0.16949843
-0.18151571
-0.19509637
-0.20614402
-0.2116896
-0.21058512
-0.20345555
-0.19221154
-0.17927611
-0.16677856
-0.15603937
-0.14741383
-0.14055489
-0.13487229
-0.12986445
-0.12536977
-0.12172811
-0.11961555
-0.11966892
-0.122040436
-0.12596814
-0.12968
-0.13059981
-0.12572037
-0.11247963
-0.089923695
-0.05936315
-0.024498282
0.009002515
0.03486679
0.048073485
0.046340577
0.031024966
0.006970672
-0.018883375
-0.03927425
-0.048279308
-0.042953305
-0.024081225
0.0043943343
0.036377445
0.06492242
0.08420513
0.0911053
0.08555504
0.070271865
0.049960446
0.029709183
0.01347592
0.0034871537
1.8867878E-4
0.002525924
0.008746569
0.017418953
0.027982263
0.04075502
0.05674478
0.077128276
0.10222071
0.13069023
0.15961829
0.18503188
0.20278817
0.20997049
0.20600773
0.19275123
0.17381255
0.15354665
0.13578132
0.12279405
0.115099534
0.1119317
0.111909024
0.11360533
0.11599644
0.11853273
0.12076183
0.1219968
0.12139077
0.118211105
0.11224264
0.10428804
0.09637881
0.09140079
0.09227503
0.100936554
0.11745941
0.13974862
0.16398653
0.18567115
0.20096833
0.20795979
0.20720229
0.20129324
0.19376594
0.18781506
0.18520343
0.1858174
0.18813047
0.19024701
0.19090758
0.18997577
0.18827787
0.1871654
0.18797779
0.19142492
0.19743809
0.20560654
0.21530378
0.22549523
0.23500328
0.24284895
0.24822518
0.2507609
0.25097173
0.2499837
0.24875642
0.24755988
0.24561201
0.24086294
0.23051465
0.2121906
0.18488248
0.14942129
0.108756945
0.06768068
0.031730127
0.005955888
-0.0060714376
-0.0033187983
0.012053054
0.035198577
0.059899125
0.0800871
0.09162223
0.09369913
0.0888027
0.0814231
0.0764925
0.077772915
0.08698652
0.10350827
0.12480075
0.14739943
0.17061447
0.19291636
0.21055003
0.22072181
0.23633651
0.25060543
0.2485338
0.2306958
0.2723819
0.2862978
0.22439145
0.14912342
0.4335166
0.3392495
-0.024206242
-0.15210207
0.006966618
