0.027111407
0.025957672
0.0482443
0.06394926
0.05789895
0.031843785
0.08577014
0.07619217
0.061497916
0.043072063
0.022463307
8.847075E-4
-0.02102021
-0.043154165
-0.065839216
-0.08956619
-0.11466549
-0.14109485
-0.16836408
-0.19545196
-0.22075668
-0.24223407
-0.25767297
-0.26502925
-0.26293507
-0.25131965
-0.23177814
-0.20750284
-0.1828379
-0.16241856
-0.14992791
-0.14695513
-0.15254915
-0.1635581
-0.17557566
-0.18443514
-0.18773286
-0.18544127
-0.17949982
-0.17293112
-0.16858983
-0.16790625
-0.1705383
-0.17490809
-0.17885455
-0.180335
-0.17816235
-0.17219643
-0.16299802
-0.15153699
-0.13899486
-0.1265048
-0.1150554
-0.105575606
-0.09893737
-0.095830925
-0.09653329
-0.10062593
-0.10692845
-0.11370222
-0.119017854
-0.121409774
-0.12057062
-0.11744983
-0.11381304
-0.11168098
-0.11259719
-0.11693961
-0.123929895
-0.13227582
-0.14077382
-0.14868627
-0.155952
-0.16293696
-0.16977657
-0.17604579
-0.18099801
-0.18392488
-0.18456773
-0.1835272
-0.18207832
-0.18143003
-0.18215796
-0.18392937
-0.18545702
-0.18499993
-0.18116237
-0.17335376
-0.16188954
-0.14787905
-0.13282362
-0.118091665
-0.10453612
-0.092303604
-0.080866136
-0.069231555
-0.05623739
-0.04097047
-0.023214577
-0.0036562895
0.016157262
0.034016956
0.04752077
0.05475952
0.054912504
0.048554458
0.037627865
0.025053918
0.0140222125
0.007155983
0.0058905142
0.010258778
0.01903795
0.03023637
0.041807387
0.052240424
0.060869157
0.067927495
0.074267656
0.08087493
0.08850599
0.09746488
0.107525386
0.118166804
0.12890892
0.13946538
0.14985853
0.16048189
0.17190483
0.1846579
0.19919929
0.21578734
0.2342586
0.25398868
0.2738444
0.29200074
0.3060243
0.31330708
0.31153682
0.29923746
0.2763585
0.24449663
0.20654377
0.165949
0.12591703
0.08879408
0.055667635
0.026363296
-4.988164E-6
-0.024524208
-0.04834187
-0.07231842
-0.09658928
-0.120636515
-0.14337456
-0.16302636
-0.17759678
-0.185745
-0.18718985
-0.1828947
-0.17517942
-0.16710398
-0.1613738
-0.15963197
-0.16209053
-0.16736266
-0.17295852
-0.17628886
-0.17544304
-0.1696029
-0.15918925
-0.1455213
-0.13010275
-0.11404934
-0.09788652
-0.08164378
-0.06513946
-0.048281327
-0.031162137
-0.013851984
0.0039493684
0.023093678
0.04485666
0.070541956
0.100924484
0.13579828
0.17388777
0.21309698
0.250943
0.28503364
0.31339177
0.3345766
0.3477607
0.35285708
0.3506818
0.3430997
0.332974
0.32376269
0.31881243
0.3205103
0.3295966
0.34499687
0.3642064
0.3839978
0.4012978
0.41393745
0.42088225
0.42204928
0.41807744
0.410044
0.39916408
0.38673565
0.37412673
0.36251917
0.35268003
0.34487727
0.33875763
0.3334584
0.32806477
0.32192406
0.3147519
0.30676508
0.29856214
0.29071593
0.28353566
0.27699378
0.27065083
0.26377845
0.25561723
0.24554116
0.23321636
0.21868666
0.20225559
0.18442321
0.16588937
0.14736393
0.12941368
0.1125089
0.096900195
0.08239658
0.06845866
0.05439002
0.03936692
0.022583473
0.0035130742
-0.018045414
-0.042049058
-0.0681838
-0.095822446
-0.12408914
-0.15197
-0.17841195
-0.20246376
-0.22348426
-0.24128826
-0.25613293
-0.2686237
-0.2795616
-0.2897067
-0.2995388
-0.30908117
-0.3178416
-0.3249598
-0.32948607
-0.3306638
-0.32821116
-0.32245478
-0.31414574
-0.3041277
-0.2930529
-0.28111768
-0.26794147
-0.25273675
-0.23458305
-0.21264403
-0.18639077
-0.15571277
-0.12078573
-0.081913754
-0.039459623
0.0062656226
0.05498746
0.10617004
0.15877226
0.21123226
0.26150358
0.3073086
0.34676778
0.37894195
0.40396327
0.42292774
0.43749514
0.44911268
0.4583481
0.46473527
0.46696982
0.46338674
0.45274493
0.43490192
0.41102195
0.38342896
0.3551397
0.32903865
0.30706638
0.2897865
0.27632508
0.26469633
0.25254288
0.23793246
0.21979742
0.19803587
0.1733971
0.14711148
0.120462105
0.09459523
0.07040931
0.048280403
0.027769899
0.007479071
-0.014908803
-0.042264543
-0.07723508
-0.12125917
-0.17392427
-0.23309535
-0.29567695
-0.3587423
-0.42075592
-0.4821363
-0.5446714
-0.61024624
-0.6794651
-0.7506365
-0.81977224
-0.8817107
-0.9317789
-0.9673155
-0.98846036
-0.9979322
-1.0
-0.9990078
-0.99802184
-0.9982018
-0.9988727
-0.99808156
-0.99364567
-0.9842431
-0.96986985
-0.9517519
-0.93192196
-0.9123144
-0.8938472
-0.87624025
-0.8583883
-0.838932
-0.8171044
-0.7933848
-0.76934904
-0.74701667
-0.728141
-0.71343696
-0.7020456
-0.6916487
-0.67905146
-0.66097045
-0.63500804
-0.60048515
-0.5587435
-0.51291424
-0.46715698
-0.4254517
-0.39054725
-0.36349508
-0.34364688
-0.32916448
-0.31795344
-0.3083258
-0.29912108
-0.289661
-0.2795437
-0.26826757
-0.25514966
-0.23958388
-0.2212148
-0.20001167
-0.17635794
-0.15096022
-0.12459123
-0.097945176
-0.07160012
-0.045902565
-0.02084209
0.0039152866
0.028884377
0.0545665
0.08109262
0.10779457
0.13309921
0.15489276
0.171104
0.1803143
0.182299
0.178176
0.16995354
0.15986596
0.1498966
0.1413896
0.1348135
0.12994267
0.12615243
0.12253571
0.11817609
0.112585075
0.10587599
0.09877996
0.0926334
0.08899304
0.088991694
0.09295126
0.10028388
0.10959792
0.11916677
0.12758185
0.13417867
0.13915214
0.14342582
0.14826661
0.15478787
0.163575
0.17451105
0.18681252
0.1992943
0.21073386
0.22017878
0.22718841
0.23193885
0.2350634
0.2373707
0.2396494
0.24249925
0.24618916
0.25073442
0.25610334
0.26227164
0.2691842
0.27677095
0.28488654
0.2931851
0.30116045
0.30829832
0.3141487
0.31834495
0.3205947
0.3206348
0.3182775
0.3135943
0.30718186
0.30043384
0.2955615
0.29516143
0.30151683
0.31587037
0.33781162
0.36512688
0.39433637
0.4215957
0.443561
0.45810622
0.46469533
0.46418175
0.45826334
0.44898826
0.4383366
0.42784238
0.4184238
0.41042414
0.4036639
0.3974976
0.391008
0.3832372
0.37344056
0.36136818
0.34744674
0.33228388
0.3168221
0.3026329
0.29133642
0.28167444
0.2736082
0.26974267
0.2712244
0.26568624
0.25942522
0.26712784
0.2851943
0.24790311
0.23642905
0.29873258
0.35768172
0.37170818
0.06912384
0.11223279
0.10289371
0.07056895
0.054118488
0.064596236
0.35957655
0.39334172
0.42433953
0.4528563
0.4793613
0.50428545
0.5278497
0.54998046
0.5704979
0.58936375
0.6067213
0.6228815
0.6383449
0.6536879
0.6693856
0.68576854
0.7029855
0.7208488
0.73873335
0.755649
0.7703867
0.7817144
0.7886774
0.7908317
0.7882111
0.7811204
0.7699085
0.75476336
0.7356308
0.7123327
0.6847781
0.65311813
0.6177701
0.5793301
0.5384873
0.49596766
0.4525013
0.40887457
0.36595884
0.32454884
0.28513855
0.24778451
0.21202454
0.17696261
0.14160722
0.105236046
0.06761945
0.029133813
-0.009304797
-0.046506688
-0.081287
-0.11266944
-0.14008299
-0.16353546
-0.18368845
-0.20182948
-0.21972747
-0.23929259
-0.2620442
-0.28859177
-0.3183828
-0.34979075
-0.3805109
-0.40822434
-0.4312882
-0.4490686
-0.46185878
-0.47057924
-0.47631478
-0.4798105
-0.4812628
-0.48043603
-0.47684953
-0.47000864
-0.45969483
-0.4461054
-0.42978206
-0.41150385
-0.39219132
-0.372758
-0.35396618
-0.3363979
-0.32049668
-0.30654922
-0.29463497
-0.28465825
-0.27637497
-0.2693351
-0.26291022
-0.25647998
-0.24960157
-0.24213034
-0.23439606
-0.22730687
-0.22218291
-0.22040251
-0.2230216
-0.23037985
-0.24181649
-0.25576815
-0.27028698
-0.2837658
-0.29567143
-0.307052
-0.32049823
-0.33942187
-0.3668751
-0.4043838
-0.45123288
-0.5044802
-0.5598412
-0.6131689
-0.66175026
-0.70487326
-0.7436528
-0.78017116
-0.8162319
-0.85248446
-0.88830423
-0.9221085
-0.95184493
-0.9755822
-0.9919129
-1.0
-0.9996038
-0.99134845
-0.9768654
-0.9585211
-0.9389565
-0.9204704
-0.90416276
-0.8894383
-0.8743695
-0.856532
-0.83394843
-0.80602604
-0.77396786
-0.7403772
-0.7084446
-0.6810065
-0.65966284
-0.64438456
-0.6337099
-0.62523985
-0.61634535
-0.60497147
-0.5901
-0.5717263
-0.5506069
-0.527847
-0.50433767
-0.48039883
-0.45583865
-0.43015808
-0.4027608
-0.3732603
-0.34171888
-0.30861095
-0.27467164
-0.24080265
-0.20794529
-0.17689346
-0.14818233
-0.12207178
-0.09851558
-0.07712347
-0.05721518
-0.0379709
-0.018599948
0.0015081421
0.022636456
0.04462679
0.066882834
0.08849979
0.10843315
0.12570614
0.13969329
0.15035582
0.15828705
0.16457772
0.17052229
0.17720631
0.18518245
0.19442487
0.20455173
0.21518777
0.22629212
0.23824853
0.25162593
0.26673204
0.28322038
0.29996523
0.31525943
0.3272892
0.3347238
0.3371324
0.3350538
0.3297916
0.32301405
0.3162426
0.31048042
0.3061261
0.30306318
0.30087665
0.2991794
0.29783437
0.29694256
0.29671642
0.2973273
0.29876128
0.3007867
0.30307493
0.3053828
0.3076666
0.31003982
0.31263164
0.3154587
0.3183275
0.32081503
0.3224266
0.3228271
0.32193902
0.31993032
0.31718263
0.31416577
0.3112406
0.30858257
0.30622965
0.3041009
0.30202883
0.2998848
0.29766318
0.29546797
0.2935188
0.2921425
0.29165876
0.29224738
0.29386762
0.29619896
0.298642
0.30041423
0.3006806
0.29868376
0.29387203
0.28599885
0.27518737
0.26197168
0.24729313
0.232408
0.21867587
0.20726068
0.19882675
0.19331029
0.18987438
0.18713051
0.18355033
0.1779043
0.16961375
0.158899
0.1466401
0.1340425
0.12226825
0.11212357
0.103886865
0.09734199
0.091963135
0.087150544
0.08245537
0.0777264
0.07311552
0.0689583
0.06560534
0.06326188
0.061881334
0.061165366
0.060664397
0.05990119
0.058471575
0.05612149
0.05277943
0.048525605
0.043526363
0.037982807
0.032102164
0.026068231
0.020038517
0.014210617
0.008872798
0.0043601757
9.942707E-4
-9.738535E-4
-0.0014874619
-7.7276205E-4
7.224046E-4
0.0024298998
0.0037405926
0.0041218773
0.003204355
7.6975545E-4
-0.0032635385
-0.008815918
-0.0156223
-0.023199106
-0.030832179
-0.03764071
-0.042690545
-0.04514036
-0.044407785
-0.040264018
-0.03285247
-0.022720909
-0.010826777
0.0015504347
0.012926313
0.02178385
0.026891083
0.027624862
0.024105893
0.017168557
0.008189616
-0.0012732281
-0.009873045
-0.016661877
-0.021115974
-0.023129059
-0.022936944
-0.020991182
-0.017914195
-0.014483453
-0.011484308
-0.009488928
-0.008711296
-0.008951744
-0.009641343
-0.010049196
-0.0095873615
-0.0080271885
-0.0055303513
-0.00254376
3.7711137E-4
0.0027886769
0.0045241877
0.0056820703
0.006510811
0.007335475
0.008474138
0.010104013
0.012224685
0.014708831
0.01727225
0.019459182
0.020801459
0.02098835
0.019924264
0.017813412
0.01522398
0.012923375
0.01160474
0.011721333
0.013347673
0.016066616
0.019093739
0.02156413
0.022754168
0.02227163
0.02019384
0.01697739
0.013237403
0.00959582
0.0065694335
0.004506632
0.0036549447
0.0042387214
0.0063930615
0.010007451
0.014593805
0.019237287
0.02268685
0.023657622
0.021289097
0.015503405
0.0070785824
-0.0025053923
-0.011411964
-0.017967595
-0.021084705
-0.02036568
-0.016023973
-0.008732586
6.475494E-4
0.011305648
0.022501273
0.033497524
0.0435513
0.051888112
0.057680372
0.06017518
0.058917753
0.05389492
0.045590475
0.03499787
0.023496838
0.012546486
0.0033516525
-0.0033502027
-0.0074103517
-0.009303856
-0.009955932
-0.010399707
-0.011498962
-0.013778863
-0.017271176
-0.021503614
-0.025727542
-0.029172117
-0.031205462
-0.03149615
-0.030098857
-0.027329778
-0.023550576
-0.019018322
-0.013799053
-0.007756733
-6.851936E-4
0.0074562724
0.016365482
0.025375748
0.03354259
0.03981646
0.04332249
0.04361354
0.04074709
0.035266805
0.028147537
0.02059921
0.013777019
0.008576586
0.005491586
0.0044764746
0.0049670595
0.0061262012
0.0071179364
0.007303208
0.0064216307
0.004666117
0.0025168678
4.978766E-4
-9.5462584E-4
-0.0015872152
-0.0014051305
-5.978195E-4
6.099856E-4
0.002004792
0.0033837496
0.004589057
0.005491791
0.005920614
0.0056631137
0.0045479187
0.0025085635
-3.7292787E-4
-0.0038052485
-0.00729477
-0.010295592
-0.012385307
-0.013357523
-0.013288791
-0.012552803
-0.011674142
-0.011142128
-0.011344301
-0.012521228
-0.0146984635
-0.017710324
-0.021286055
-0.025076553
-0.028667368
-0.03161025
-0.033629354
-0.034779035
-0.03519988
-0.034703087
-0.033739846
-0.03343538
-0.033563193
-0.031776357
-0.030613542
-0.03376207
-0.035670366
-0.02583254
-0.02669187
-0.04671095
-0.043424837
-0.026908176
