Channel 0
0.3297845
0.20105356
0.1311608
-0.038171493
-0.32148954
-0.63978153
-0.40929687
-0.41514024
-0.41295958
-0.40240613
-0.3843232
-0.3598544
-0.32989666
-0.29516885
-0.2564327
-0.2149891
-0.17349724
-0.1359837
-0.10667483
-0.08890323
-0.08442715
-0.0926422
-0.11046641
-0.1334342
-0.15671092
-0.17534478
-0.18469328
-0.18125872
-0.16322052
-0.1308229
-0.08710709
-0.038155686
0.0081996
0.04452167
0.06545085
0.06881264
0.05610474
0.031503078
-2.0386139E-4
-0.03490754
-0.06937435
-0.10129744
-0.12904857
-0.15101963
-0.16573489
-0.17276071
-0.17309733
-0.16902234
-0.16394906
-0.16177137
-0.16571057
-0.177607
-0.19752066
-0.22328655
-0.2507521
-0.27484033
-0.29078567
-0.29566434
-0.28986713
-0.2771517
-0.2633996
-0.2549952
-0.25653607
-0.2685468
-0.28709468
-0.30487758
-0.31249997
-0.30071285
-0.26337975
-0.19902346
-0.11093603
-0.007065689
0.101302765
0.202604
0.28774425
0.35148317
0.39321968
0.4164931
0.4263142
0.4262443
0.41703516
0.39633444
0.3597049
0.3034928
0.22750163
0.13580868
0.036489967
-0.05978051
-0.14255358
-0.20399185
-0.2398455
-0.25009164
-0.23900163
-0.21390603
-0.18365633
-0.15721992
-0.14175496
-0.14083518
-0.15380709
-0.17609812
-0.2003968
-0.21864413
-0.2239904
-0.2122133
-0.1825414
-0.13756265
-0.08232401
-0.023195503
0.033342578
0.08204785
0.12007925
0.14742082
0.16660376
0.18230826
0.20043531
0.22620018
0.26264715
0.31014907
0.36571884
0.42304802
0.47453547
0.5134809
0.5354172
0.5395166
0.5289984
0.5094236
0.48639825
0.46387434
0.44323042
0.42373264
0.4041741
0.38463083
0.36748272
0.35678247
0.35614777
0.36688015
0.38712922
0.41208705
0.43585956
0.45429245
0.4665079
0.47478065
0.48346147
0.49659255
0.5151703
0.5361711
0.55320066
0.55796754
0.5429732
0.50430393
0.44256973
0.3623385
0.27085447
0.17593269
0.084084466
4.904871E-5
-0.07285626
-0.13222745
-0.1761287
-0.2033229
-0.21394092
-0.20976524
-0.1942102
-0.17195809
-0.14789948
-0.12619588
-0.10999044
-0.100963466
-0.0987211
-0.10076952
-0.10292963
-0.10012062
-0.08794803
-0.06443882
-0.030749038
0.009377436
0.051169086
0.09090331
0.12722102
0.16088007
0.19342898
0.22546494
0.25519258
0.27831966
0.28938118
0.2834474
0.25758132
0.21181275
0.1491512
0.074767
-0.004831713
-0.08246693
-0.15107082
-0.20426907
-0.23680718
-0.24540618
-0.2296892
-0.19239093
-0.13907059
-0.07741338
-0.0156059
0.039641995
0.08421893
0.116813645
0.13855413
0.15193346
0.15948668
0.16317803
0.16449107
0.16463153
0.1646859
0.16540818
0.16638003
0.16533071
0.15836023
0.14089788
0.109355405
0.06323179
0.0062394864
-0.054566506
-0.11098491
-0.15619491
-0.18708032
-0.20536245
-0.21646838
-0.2267365
-0.24082792
-0.26015556
-0.28230876
-0.30215192
-0.31449258
-0.31646106
-0.30855092
-0.29460227
-0.28045556
-0.2713717
-0.26975298
-0.27424887
-0.28037828
-0.28273806
-0.27789992
-0.2662509
-0.25207648
-0.24195382
-0.24170986
-0.2535189
-0.27498996
-0.30021152
-0.3219228
-0.33414537
-0.33385456
-0.32075265
-0.29592845
-0.2603531
-0.2138597
-0.15544897
-0.08466871
-0.0028924844
0.08595253
0.17538084
0.25749245
0.32483885
0.37195602
0.39615974
0.39781353
0.3799605
0.3470668
0.30354473
0.2529952
0.19793102
0.13966423
0.07890536
0.016791295
-0.044690162
-0.10288438
-0.15474369
-0.19721273
-0.2278626
-0.24556082
-0.25068715
-0.2450668
-0.23220856
-0.21714638
-0.20515549
-0.20046787
-0.20554775
-0.2202412
-0.2416667
-0.265739
-0.2888265
-0.3084007
-0.3232757
-0.33333686
-0.33850107
-0.33811915
-0.33162042
-0.31959674
-0.3045269
-0.2907277
-0.2830996
-0.28504542
-0.29665077
-0.31404406
-0.33044785
-0.3385758
-0.3331947
-0.3129369
-0.2807219
-0.24244344
-0.20472515
-0.17277823
-0.14866331
-0.13056384
-0.11362106
-0.09165553
-0.05922269
-0.013997544
0.041415207
0.09931807
0.14836045
0.17630063
0.17364737
0.13686503
0.069887735
-0.016473483
-0.10705314
-0.18594167
-0.23996527
-0.26117527
-0.24785468
-0.2041024
-0.13854034
-0.06242823
0.012558051
0.07616051
0.12076612
0.14225966
0.14002505
0.115886874
0.07305181
0.01569437
-0.051300604
-0.122456305
-0.19141176
-0.25105453
-0.29491737
-0.3189919
-0.32270297
-0.30905193
-0.28402698
-0.25470674
-0.22674231
-0.20307963
-0.18411364
-0.16824518
-0.1529093
-0.13597965
-0.11637799
-0.09373698
-0.06807336
-0.039805982
-0.010015778
0.01924356
0.04488041
0.06304635
0.07016417
0.06489374
0.0497093
0.030992933
0.018056948
0.020896982
0.046519358
0.09591156
0.16334672
0.2375285
0.3044143
0.35144418
0.37094742
0.3612084
0.3258715
0.2721196
0.2080515
0.14082462
0.07608262
0.01776165
-0.031811103
-0.07145251
-0.10094336
-0.120921604
-0.13214502
-0.13462295
-0.12744503
-0.10928365
-0.07931794
-0.03852654
0.009034727
0.055942036
0.092623845
0.109457545
0.099097975
0.058929738
-0.0070845936
-0.08833073
-0.1695858
-0.23466973
-0.27086288
-0.2729549
-0.2453702
-0.20092948
-0.1564728
-0.12741406
-0.12308226
-0.14405978
-0.18285823
-0.22774263
-0.2672695
-0.29373866
-0.3051156
-0.3046127
-0.29810473
-0.2913583
-0.2880762
-0.28878722
-0.29143173
-0.2932316
-0.29203105
-0.28698412
-0.27879936
-0.26852387
-0.25570452
-0.23803793
-0.212293
-0.17566988
-0.12795526
-0.073532
-0.021209296
0.01816171
0.03486601
0.02345387
-0.015053068
-0.07313106
-0.13901936
-0.20004778
-0.2457354
-0.26986164
-0.27116597
-0.25264794
-0.21967882
-0.17776182
-0.13082826
-0.08022212
-0.024737507
0.037647773
0.10712838
0.18011674
0.24876186
0.3024103
0.3310626
0.32929197
0.29840043
0.2458081
0.18214811
0.11737085
0.057613146
0.00439945
-0.04381478
-0.08929497
-0.13326855
-0.17542823
-0.21480973
-0.25095978
-0.28413978
-0.3146681
-0.34197623
-0.36405095
-0.37834778
-0.383878
-0.382746
-0.3803462
-0.38477057
-0.4038114
-0.44106323
-0.4939264
-0.5586236
-0.6274325
-0.6887811
-0.73119134
-0.7693374
-0.7993861
-0.8056966
-0.7767772
-0.82247096
-0.85180855
-0.79248995
-0.64388466
-1.0
-0.9688179
-0.5562284
-0.05023889
0.04596112
Channel 1
0.250922
0.24897629
0.2818858
0.28145725
0.23977917
0.20490351
0.27969533
0.27818546
0.2775108
0.27806753
0.27992764
0.28290948
0.28668118
0.29087672
0.29523087
0.29961193
0.3039089
0.30793762
0.31143233
0.3140356
0.31532785
0.3149734
0.31286162
0.30914152
0.30422756
0.29880995
0.29377142
0.28998217
0.2880833
0.2883336
0.29048353
0.29372823
0.29690745
0.29888704
0.2988477
0.29644755
0.29192156
0.28594863
0.27929294
0.27256727
0.26618746
0.26034033
0.25503337
0.25025764
0.24602461
0.24225926
0.23875593
0.23518914
0.23111951
0.22609606
0.21983638
0.2123318
0.20388003
0.19508812
0.18677235
0.17975222
0.17464574
0.17168337
0.17057349
0.17056389
0.17068811
0.1700486
0.1681259
0.16502747
0.1614318
0.1583089
0.15666339
0.15723743
0.16020928
0.16519818
0.1714883
0.17815734
0.18423715
0.18900134
0.19207743
0.19335921
0.19299702
0.19135302
0.1887424
0.1852273
0.18061657
0.17448677
0.16629544
0.15572126
0.14294134
0.12865447
0.1140107
0.1004124
0.08910957
0.08088823
0.07600984
0.07420536
0.074726924
0.07656636
0.07866349
0.07999974
0.079729155
0.077350855
0.0727944
0.0664337
0.059062667
0.051775668
0.04575456
0.042020645
0.04119649
0.04333376
0.047860593
0.05366319
0.059295084
0.063295074
0.064533785
0.062452435
0.0571477
0.049358454
0.04030407
0.031350866
0.023718873
0.018297968
0.015432159
0.014810268
0.015621665
0.016769893
0.017076023
0.01559864
0.011888092
0.0059930566
-0.0016582388
-0.010424503
-0.01964056
-0.028705986
-0.03705067
-0.04406037
-0.04904992
-0.051404893
-0.050859507
-0.047688514
-0.042700943
-0.03703885
-0.031755313
-0.027337052
-0.023510927
-0.019424211
-0.014048153
-0.006705221
0.0024707608
0.012450425
0.021632114
0.02834644
0.0313913
0.030431911
0.02603162
0.019324435
0.011575325
0.00381197
-0.003365306
-0.009719566
-0.015141398
-0.0194508
-0.022375477
-0.023686823
-0.02337109
-0.021718835
-0.0192719
-0.016627898
-0.014206713
-0.012136531
-0.010285966
-0.008352241
-0.005964406
-0.0027774347
0.0014855767
0.0069960547
0.013717127
0.021312613
0.029173773
0.036561124
0.042826615
0.047653798
0.051170405
0.05383987
0.05619614
0.05856533
0.060898606
0.062762156
0.06347706
0.06235716
0.058909558
0.052905466
0.04439361
0.03369432
0.021339497
0.008021305
-0.005418797
-0.018049328
-0.028964315
-0.037405424
-0.042899724
-0.045357183
-0.045059733
-0.04257528
-0.03861249
-0.03383106
-0.028731866
-0.023677576
-0.018949596
-0.014804246
-0.011510544
-0.009287105
-0.008163559
-0.007904132
-0.008040397
-0.008021606
-0.0074725132
-0.0064031756
-0.0052241716
-0.0046016863
-0.00519342
-0.0073007117
-0.010645067
-0.014445685
-0.017701758
-0.019523919
-0.019477693
-0.01781915
-0.0154093355
-0.013337368
-0.012517213
-0.0133748315
-0.015628936
-0.01833774
-0.020298349
-0.020526046
-0.018565273
-0.014643327
-0.009608579
-0.0045533557
-3.3867656E-4
0.002672196
0.004632231
0.006021233
0.0072763604
0.0084549915
0.009157738
0.008727052
0.0066196783
0.0027750798
-0.0022305981
-0.0073104897
-0.011211515
-0.012932432
-0.011984781
-0.008406822
-0.002608909
0.0048986333
0.013760711
0.0238252
0.035041448
0.047333162
0.060424946
0.073706165
0.08627343
0.09709423
0.105203375
0.10992775
0.111087285
0.10907045
0.104723565
0.0991044
0.093219675
0.08779384
0.08311541
0.07906979
0.07533589
0.07160781
0.06776324
0.06394742
0.060559954
0.058129642
0.057083834
0.05755989
0.059346654
0.061855853
0.06418394
0.06538721
0.06476675
0.062004644
0.057263564
0.05117519
0.04458619
0.038266342
0.032762494
0.028326392
0.02492895
0.022407658
0.020593142
0.019285388
0.018139498
0.01650905
0.013269437
0.0066890195
-0.0056034895
-0.026539007
-0.059398513
-0.107470125
-0.173458
-0.25858194
-0.36168617
-0.47865945
-0.6022428
-0.72264504
-0.82934636
-0.9133996
-0.9693761
-0.9967285
-1.0
-0.9872448
-0.96741843
-0.9480118
-0.93348134
-0.9248186
-0.9204555
-0.9179609
-0.91552186
-0.912479
-0.9089053
-0.9048372
-0.89958024
-0.89137983
-0.87788886
-0.8572625
-0.82902676
-0.79430157
-0.75550634
-0.7156184
-0.67723346
-0.64191025
-0.6100544
-0.5812364
-0.5546737
-0.5295854
-0.5053204
-0.48130763
-0.45690247
-0.4312434
-0.40329453
-0.37213877
-0.3373627
-0.2992864
-0.258996
-0.21827218
-0.17928857
-0.14396797
-0.113356486
-0.08737529
-0.064775705
-0.043282136
-0.020316007
0.005934114
0.035865214
0.06834416
0.10093234
0.13069284
0.15541534
0.17444564
0.18874292
0.20036191
0.21157257
0.22390337
0.23756675
0.25159255
0.26452067
0.27510282
0.28272536
0.28757882
0.29042125
0.29202893
0.29291523
0.29343408
0.2938994
0.2947438
0.29676557
0.301066
0.30857193
0.319605
0.33370498
0.34955677
0.36518604
0.37864244
0.38872445
0.39525157
0.39901307
0.40146518
0.40401495
0.40730354
0.41104907
0.41428262
0.41569293
0.4141599
0.40926382
0.40137088
0.39146265
0.38102773
0.3718445
0.3655393
0.3631936
0.36511478
0.37068167
0.37843537
0.3866046
0.39380097
0.3994144
0.40356266
0.40676
0.40938932
0.4111456
0.41098008
0.4076769
0.40044993
0.3893014
0.37525868
0.36014813
0.34587646
0.3339202
0.32516134
0.31974915
0.3171786
0.31663826
0.31723735
0.3181104
0.31859818
0.31835973
0.31732014
0.31554022
0.313033
0.30957177
0.30462176
0.29745913
0.2874555
0.27442253
0.2588458
0.24189962
0.22522196
0.21050458
0.19906506
0.19156936
0.18793853
0.1874479
0.18900901
0.19147578
0.19385801
0.19548473
0.19606201
0.1955474
0.19396907
0.1912733
0.18719096
0.18124458
0.17293805
0.16195975
0.14831097
0.13234456
0.11465057
0.09586485
0.0765871
0.057441413
0.039162483
0.022612434
0.008666045
-0.0020658965
-0.009565748
-0.014541557
-0.018236829
-0.0219928
-0.026686294
-0.03227536
-0.037732918
-0.041348226
-0.041268542
-0.03628659
-0.026288295
-0.01267768
0.0018273683
0.013830129
0.021616347
0.022571215
0.015711894
0.0025576693
-0.0075300857
-0.022335298
-0.03981534
-0.054386068
-0.032517157
-0.055142112
-0.080357604
-0.08689759
0.073384464
-0.13474959
-0.17573644
-0.11095329
-0.063956626
